Data for satellites entering and exiting the region between(-60.0, -120.0)and(60.0, 120.0)coordinates
 from date 9/12/2019and time 12:0:0every minute is as followsSatellite 0 entered at time and exited at
(33, 65)(166, 198)(299, 331)(432, 464)(564, 596)(697, 729)(830, 862)(963, 994)(1095, 1127)(1228, 1260)(1361, 1393)(1494, 1525)(1626, 1658)(1759, 1791)(1892, 1924)(2025, 2056)(2157, 2189)(2290, 2322)(2423, 2454)(2556, 2587)(2688, 2720)(2821, 2853)(2954, 2985)(3087, 3118)(3219, 3251)(3352, 3384)(3485, 3516)(3617, 3649)(3750, 3782)(3883, 3914)(4016, 4047)(4148, 4180)(4281, 4313)(4414, 4445)(4547, 4578)(4679, 4711)(4812, 4844)(4945, 4976)(5078, 5109)(5210, 5242)(5343, 5375)(5476, 5507)(5609, 5640)(5741, 5773)(5874, 5905)(6007, 6038)(6140, 6171)(6272, 6304)(6405, 6436)(6538, 6569)(6670, 6702)(6803, 6835)(6936, 6967)(7069, 7100)
Satellite 1 entered at time and exited at
(48, 83)(169, 204)(291, 326)(412, 447)(533, 569)(655, 690)(776, 811)(897, 933)(1019, 1054)(1140, 1176)(1262, 1297)(1383, 1418)(1504, 1540)(1626, 1661)(1747, 1783)(1868, 1904)(1990, 2025)(2111, 2147)(2233, 2268)(2354, 2389)(2475, 2511)(2597, 2632)(2718, 2754)(2840, 2875)(2961, 2996)(3082, 3118)(3204, 3239)(3325, 3361)(3446, 3482)(3568, 3603)(3689, 3725)(3811, 3846)(3932, 3968)(4053, 4089)(4175, 4210)(4296, 4332)(4418, 4453)(4539, 4574)(4660, 4696)(4782, 4817)(4903, 4939)(5024, 5060)(5146, 5181)(5267, 5303)(5389, 5424)(5510, 5546)(5631, 5667)(5753, 5788)(5874, 5910)(5995, 6031)(6117, 6153)(6238, 6274)(6360, 6395)(6481, 6517)(6602, 6638)(6724, 6759)(6845, 6881)(6967, 7002)(7088, 7124)
Satellite 2 entered at time and exited at
(26, 63)(152, 189)(278, 315)(404, 440)(529, 566)(655, 692)(781, 818)(907, 943)(1032, 1069)(1158, 1195)(1284, 1321)(1410, 1446)(1536, 1572)(1661, 1698)(1787, 1824)(1913, 1950)(2039, 2075)(2164, 2201)(2290, 2327)(2416, 2453)(2542, 2578)(2668, 2704)(2793, 2830)(2919, 2956)(3045, 3082)(3171, 3207)(3296, 3333)(3422, 3459)(3548, 3585)(3674, 3710)(3800, 3836)(3925, 3962)(4051, 4088)(4177, 4214)(4303, 4339)(4428, 4465)(4554, 4591)(4680, 4717)(4806, 4842)(4932, 4968)(5057, 5094)(5183, 5220)(5309, 5346)(5435, 5471)(5560, 5597)(5686, 5723)(5812, 5849)(5938, 5974)(6064, 6100)(6189, 6226)(6315, 6352)(6441, 6478)(6567, 6603)(6692, 6729)(6818, 6855)(6944, 6981)(7070, 7107)(7195, 7199)
Satellite 3 entered at time and exited at
(0, 42)(122, 179)(259, 317)(397, 454)(534, 592)(672, 729)(809, 867)(946, 1004)(1084, 1141)(1221, 1279)(1359, 1416)(1496, 1554)(1634, 1691)(1771, 1829)(1908, 1966)(2046, 2104)(2183, 2241)(2321, 2378)(2458, 2516)(2596, 2653)(2733, 2791)(2871, 2928)(3008, 3066)(3145, 3203)(3283, 3341)(3420, 3478)(3558, 3615)(3695, 3753)(3833, 3890)(3970, 4028)(4107, 4165)(4245, 4303)(4382, 4440)(4520, 4578)(4657, 4715)(4795, 4852)(4932, 4990)(5070, 5127)(5207, 5265)(5344, 5402)(5482, 5540)(5619, 5677)(5757, 5815)(5894, 5952)(6032, 6089)(6169, 6227)(6307, 6364)(6444, 6502)(6581, 6639)(6719, 6777)(6856, 6914)(6994, 7052)(7131, 7189)
Satellite 4 entered at time and exited at
(0, 41)(124, 166)(248, 291)(373, 415)(497, 540)(622, 664)(746, 789)(871, 913)(996, 1038)(1120, 1163)(1245, 1287)(1369, 1412)(1494, 1536)(1618, 1661)(1743, 1785)(1868, 1910)(1992, 2035)(2117, 2159)(2241, 2284)(2366, 2408)(2490, 2533)(2615, 2657)(2740, 2782)(2864, 2907)(2989, 3031)(3113, 3156)(3238, 3280)(3362, 3405)(3487, 3529)(3612, 3654)(3736, 3779)(3861, 3903)(3985, 4028)(4110, 4152)(4234, 4277)(4359, 4401)(4484, 4526)(4608, 4650)(4733, 4775)(4857, 4900)(4982, 5024)(5106, 5149)(5231, 5273)(5356, 5398)(5480, 5522)(5605, 5647)(5729, 5772)(5854, 5896)(5978, 6021)(6103, 6145)(6228, 6270)(6352, 6394)(6477, 6519)(6601, 6644)(6726, 6768)(6850, 6893)(6975, 7017)(7100, 7142)
Satellite 5 entered at time and exited at
(60, 92)(157, 189)(254, 286)(351, 383)(448, 480)(545, 577)(642, 674)(739, 771)(835, 868)(932, 965)(1029, 1062)(1126, 1159)(1223, 1256)(1320, 1353)(1417, 1450)(1514, 1547)(1611, 1644)(1708, 1741)(1805, 1838)(1902, 1935)(1998, 2031)(2095, 2128)(2192, 2225)(2289, 2322)(2386, 2419)(2483, 2516)(2580, 2613)(2677, 2710)(2774, 2807)(2871, 2904)(2968, 3001)(3065, 3098)(3162, 3195)(3258, 3292)(3355, 3389)(3452, 3486)(3549, 3583)(3646, 3680)(3743, 3777)(3840, 3874)(3937, 3971)(4034, 4068)(4131, 4165)(4228, 4262)(4325, 4359)(4421, 4456)(4518, 4553)(4615, 4649)(4712, 4746)(4809, 4843)(4906, 4940)(5003, 5037)(5100, 5134)(5197, 5231)(5294, 5328)(5391, 5425)(5487, 5522)(5584, 5619)(5681, 5716)(5778, 5813)(5875, 5910)(5972, 6007)(6069, 6104)(6166, 6201)(6263, 6298)(6360, 6395)(6457, 6492)(6554, 6589)(6650, 6685)(6747, 6782)(6844, 6879)(6941, 6976)(7038, 7073)(7135, 7170)
Satellite 6 entered at time and exited at
(0, 6)(74, 103)(172, 201)(270, 299)(368, 397)(465, 495)(563, 593)(661, 690)(759, 788)(857, 886)(955, 984)(1053, 1082)(1151, 1179)(1249, 1277)(1346, 1375)(1444, 1473)(1542, 1571)(1640, 1669)(1738, 1766)(1836, 1864)(1934, 1962)(2032, 2060)(2130, 2158)(2227, 2256)(2325, 2353)(2423, 2451)(2521, 2549)(2619, 2647)(2717, 2745)(2815, 2843)(2913, 2940)(3011, 3038)(3108, 3136)(3206, 3234)(3304, 3332)(3402, 3430)(3500, 3527)(3598, 3625)(3696, 3723)(3794, 3821)(3891, 3919)(3989, 4017)(4087, 4114)(4185, 4212)(4283, 4310)(4381, 4408)(4479, 4506)(4577, 4604)(4675, 4701)(4772, 4799)(4870, 4897)(4968, 4995)(5066, 5093)(5164, 5191)(5262, 5289)(5360, 5386)(5458, 5484)(5555, 5582)(5653, 5680)(5751, 5778)(5849, 5876)(5947, 5973)(6045, 6071)(6143, 6169)(6241, 6267)(6339, 6365)(6436, 6463)(6534, 6560)(6632, 6658)(6730, 6756)(6828, 6854)(6926, 6952)(7024, 7050)(7121, 7148)
Satellite 7 entered at time and exited at
(0, 3)(63, 104)(163, 205)(264, 305)(364, 406)(465, 506)(566, 607)(666, 707)(767, 808)(867, 908)(968, 1009)(1068, 1109)(1169, 1210)(1270, 1311)(1370, 1411)(1471, 1512)(1571, 1612)(1672, 1713)(1772, 1813)(1873, 1914)(1974, 2014)(2074, 2115)(2175, 2216)(2275, 2316)(2376, 2417)(2476, 2517)(2577, 2618)(2678, 2718)(2778, 2819)(2879, 2919)(2979, 3020)(3080, 3121)(3180, 3221)(3281, 3322)(3382, 3422)(3482, 3523)(3583, 3623)(3683, 3724)(3784, 3824)(3885, 3925)(3985, 4025)(4086, 4126)(4186, 4227)(4287, 4327)(4387, 4428)(4488, 4528)(4589, 4629)(4689, 4729)(4790, 4830)(4890, 4930)(4991, 5031)(5091, 5132)(5192, 5232)(5293, 5333)(5393, 5433)(5494, 5534)(5594, 5634)(5695, 5735)(5796, 5835)(5896, 5936)(5997, 6037)(6097, 6137)(6198, 6238)(6298, 6338)(6399, 6439)(6500, 6539)(6600, 6640)(6701, 6740)(6801, 6841)(6902, 6941)(7003, 7042)(7103, 7143)
Satellite 8 entered at time and exited at
(51, 93)(151, 192)(250, 292)(350, 392)(450, 492)(550, 591)(649, 691)(749, 791)(849, 890)(948, 990)(1048, 1090)(1148, 1190)(1247, 1289)(1347, 1389)(1447, 1489)(1547, 1588)(1646, 1688)(1746, 1788)(1846, 1888)(1945, 1987)(2045, 2087)(2145, 2187)(2245, 2286)(2344, 2386)(2444, 2486)(2544, 2586)(2643, 2685)(2743, 2785)(2843, 2885)(2943, 2984)(3042, 3084)(3142, 3184)(3242, 3284)(3341, 3383)(3441, 3483)(3541, 3583)(3641, 3682)(3740, 3782)(3840, 3882)(3940, 3982)(4039, 4081)(4139, 4181)(4239, 4281)(4339, 4380)(4438, 4480)(4538, 4580)(4638, 4680)(4737, 4779)(4837, 4879)(4937, 4979)(5037, 5078)(5136, 5178)(5236, 5278)(5336, 5377)(5435, 5477)(5535, 5577)(5635, 5677)(5735, 5776)(5834, 5876)(5934, 5976)(6034, 6075)(6133, 6175)(6233, 6275)(6333, 6375)(6433, 6474)(6532, 6574)(6632, 6674)(6732, 6773)(6831, 6873)(6931, 6973)(7031, 7073)(7131, 7172)
Satellite 9 entered at time and exited at
(0, 8)(83, 108)(183, 208)(284, 308)(384, 408)(484, 508)(584, 608)(684, 708)(785, 809)(885, 909)(985, 1009)(1085, 1109)(1185, 1209)(1285, 1309)(1386, 1409)(1486, 1509)(1586, 1609)(1686, 1709)(1786, 1809)(1887, 1910)(1987, 2010)(2087, 2110)(2187, 2210)(2287, 2310)(2387, 2410)(2488, 2510)(2588, 2610)(2688, 2710)(2788, 2810)(2888, 2910)(2988, 3010)(3089, 3111)(3189, 3211)(3289, 3311)(3389, 3411)(3489, 3511)(3589, 3611)(3690, 3711)(3790, 3811)(3890, 3911)(3990, 4011)(4090, 4111)(4190, 4212)(4291, 4312)(4391, 4412)(4491, 4512)(4591, 4612)(4691, 4712)(4791, 4812)(4892, 4912)(4992, 5012)(5092, 5112)(5192, 5212)(5292, 5313)(5392, 5413)(5493, 5513)(5593, 5613)(5693, 5713)(5793, 5813)(5893, 5913)(5993, 6013)(6093, 6113)(6194, 6213)(6294, 6313)(6394, 6414)(6494, 6514)(6594, 6614)(6694, 6714)(6794, 6814)(6895, 6914)(6995, 7014)(7095, 7114)(7195, 7199)
Satellite 10 entered at time and exited at
(68, 113)(186, 231)(304, 349)(422, 467)(540, 585)(658, 703)(777, 821)(895, 939)(1013, 1057)(1131, 1175)(1249, 1293)(1367, 1411)(1485, 1529)(1603, 1647)(1721, 1765)(1839, 1883)(1957, 2001)(2075, 2119)(2193, 2237)(2311, 2355)(2429, 2473)(2547, 2591)(2665, 2709)(2783, 2827)(2901, 2945)(3019, 3063)(3137, 3181)(3255, 3299)(3373, 3417)(3491, 3535)(3609, 3653)(3727, 3771)(3845, 3889)(3963, 4007)(4081, 4125)(4199, 4243)(4317, 4361)(4435, 4479)(4553, 4597)(4671, 4715)(4789, 4833)(4907, 4951)(5025, 5069)(5143, 5187)(5261, 5305)(5379, 5423)(5497, 5541)(5615, 5659)(5733, 5777)(5851, 5895)(5969, 6013)(6087, 6131)(6205, 6249)(6323, 6367)(6441, 6485)(6559, 6603)(6677, 6721)(6795, 6839)(6913, 6957)(7031, 7075)(7149, 7193)
Satellite 11 entered at time and exited at
(2, 43)(120, 161)(238, 280)(357, 398)(475, 516)(593, 634)(711, 753)(829, 871)(948, 989)(1066, 1107)(1184, 1225)(1302, 1344)(1420, 1462)(1539, 1580)(1657, 1698)(1775, 1817)(1893, 1935)(2011, 2053)(2130, 2171)(2248, 2290)(2366, 2408)(2484, 2526)(2602, 2644)(2720, 2763)(2839, 2881)(2957, 2999)(3075, 3117)(3193, 3236)(3311, 3354)(3430, 3472)(3548, 3590)(3666, 3709)(3784, 3827)(3902, 3945)(4021, 4063)(4139, 4181)(4257, 4300)(4375, 4418)(4493, 4536)(4612, 4654)(4730, 4773)(4848, 4891)(4966, 5009)(5084, 5127)(5203, 5246)(5321, 5364)(5439, 5482)(5557, 5600)(5675, 5718)(5794, 5837)(5912, 5955)(6030, 6073)(6148, 6191)(6266, 6310)(6385, 6428)(6503, 6546)(6621, 6664)(6739, 6783)(6857, 6901)(6976, 7019)(7094, 7137)
Satellite 12 entered at time and exited at
(23, 60)(140, 177)(257, 294)(374, 411)(491, 528)(608, 645)(725, 762)(842, 879)(960, 996)(1077, 1113)(1194, 1231)(1311, 1348)(1428, 1465)(1545, 1582)(1662, 1699)(1779, 1816)(1896, 1933)(2013, 2050)(2130, 2167)(2247, 2284)(2365, 2401)(2482, 2518)(2599, 2635)(2716, 2752)(2833, 2869)(2950, 2986)(3067, 3104)(3184, 3221)(3301, 3338)(3418, 3455)(3535, 3572)(3653, 3689)(3770, 3806)(3887, 3923)(4004, 4040)(4121, 4157)(4238, 4274)(4355, 4391)(4472, 4508)(4589, 4625)(4706, 4742)(4823, 4859)(4941, 4976)(5058, 5094)(5175, 5211)(5292, 5328)(5409, 5445)(5526, 5562)(5643, 5679)(5760, 5796)(5877, 5913)(5994, 6030)(6112, 6147)(6229, 6264)(6346, 6381)(6463, 6498)(6580, 6615)(6697, 6732)(6814, 6849)(6931, 6967)(7048, 7084)(7165, 7199)
Satellite 13 entered at time and exited at
(0, 2)(83, 120)(201, 238)(320, 356)(438, 475)(556, 593)(675, 711)(793, 830)(911, 948)(1030, 1066)(1148, 1184)(1266, 1303)(1385, 1421)(1503, 1539)(1621, 1657)(1740, 1776)(1858, 1894)(1976, 2012)(2095, 2131)(2213, 2249)(2331, 2367)(2450, 2485)(2568, 2604)(2686, 2722)(2805, 2840)(2923, 2959)(3041, 3077)(3160, 3195)(3278, 3313)(3396, 3432)(3515, 3550)(3633, 3668)(3751, 3786)(3870, 3905)(3988, 4023)(4106, 4141)(4225, 4260)(4343, 4378)(4461, 4496)(4580, 4614)(4698, 4733)(4816, 4851)(4935, 4969)(5053, 5088)(5171, 5206)(5290, 5324)(5408, 5442)(5526, 5561)(5645, 5679)(5763, 5797)(5881, 5916)(6000, 6034)(6118, 6152)(6236, 6270)(6355, 6389)(6473, 6507)(6591, 6625)(6710, 6744)(6828, 6862)(6946, 6980)(7065, 7098)(7183, 7199)
Satellite 14 entered at time and exited at
(44, 80)(151, 187)(258, 294)(365, 401)(472, 508)(579, 615)(685, 721)(792, 828)(899, 935)(1006, 1042)(1113, 1149)(1220, 1256)(1327, 1363)(1434, 1470)(1541, 1576)(1647, 1683)(1754, 1790)(1861, 1897)(1968, 2004)(2075, 2111)(2182, 2218)(2289, 2325)(2396, 2431)(2503, 2538)(2610, 2645)(2716, 2752)(2823, 2859)(2930, 2966)(3037, 3073)(3144, 3180)(3251, 3286)(3358, 3393)(3465, 3500)(3572, 3607)(3679, 3714)(3785, 3821)(3892, 3928)(3999, 4035)(4106, 4141)(4213, 4248)(4320, 4355)(4427, 4462)(4534, 4569)(4641, 4676)(4748, 4783)(4855, 4890)(4961, 4996)(5068, 5103)(5175, 5210)(5282, 5317)(5389, 5424)(5496, 5531)(5603, 5638)(5710, 5745)(5817, 5851)(5924, 5958)(6030, 6065)(6137, 6172)(6244, 6279)(6351, 6386)(6458, 6493)(6565, 6600)(6672, 6706)(6779, 6813)(6886, 6920)(6993, 7027)(7100, 7134)
Satellite 15 entered at time and exited at
(3, 37)(109, 143)(216, 249)(322, 356)(428, 462)(535, 569)(641, 675)(747, 781)(854, 888)(960, 994)(1067, 1100)(1173, 1207)(1279, 1313)(1386, 1419)(1492, 1526)(1599, 1632)(1705, 1739)(1811, 1845)(1918, 1951)(2024, 2058)(2131, 2164)(2237, 2270)(2343, 2377)(2450, 2483)(2556, 2589)(2662, 2696)(2769, 2802)(2875, 2909)(2982, 3015)(3088, 3121)(3194, 3228)(3301, 3334)(3407, 3440)(3514, 3547)(3620, 3653)(3726, 3759)(3833, 3866)(3939, 3972)(4045, 4079)(4152, 4185)(4258, 4291)(4365, 4398)(4471, 4504)(4577, 4610)(4684, 4717)(4790, 4823)(4896, 4930)(5003, 5036)(5109, 5142)(5216, 5249)(5322, 5355)(5428, 5461)(5535, 5568)(5641, 5674)(5748, 5781)(5854, 5887)(5960, 5993)(6067, 6100)(6173, 6206)(6279, 6312)(6386, 6419)(6492, 6525)(6599, 6631)(6705, 6738)(6811, 6844)(6918, 6951)(7024, 7057)(7130, 7163)
Satellite 16 entered at time and exited at
(53, 90)(171, 208)(288, 326)(406, 443)(523, 561)(641, 678)(759, 796)(876, 914)(994, 1031)(1111, 1149)(1229, 1266)(1347, 1384)(1464, 1501)(1582, 1619)(1699, 1737)(1817, 1854)(1934, 1972)(2052, 2089)(2170, 2207)(2287, 2325)(2405, 2442)(2522, 2560)(2640, 2677)(2758, 2795)(2875, 2913)(2993, 3030)(3110, 3148)(3228, 3265)(3345, 3383)(3463, 3500)(3581, 3618)(3698, 3736)(3816, 3853)(3933, 3971)(4051, 4088)(4169, 4206)(4286, 4324)(4404, 4441)(4521, 4559)(4639, 4676)(4756, 4794)(4874, 4911)(4992, 5029)(5109, 5147)(5227, 5264)(5344, 5382)(5462, 5499)(5580, 5617)(5697, 5735)(5815, 5852)(5932, 5970)(6050, 6087)(6168, 6205)(6285, 6323)(6403, 6440)(6520, 6558)(6638, 6675)(6756, 6793)(6873, 6910)(6991, 7028)(7108, 7146)
Satellite 17 entered at time and exited at
(0, 2)(46, 65)(109, 128)(172, 191)(234, 254)(297, 316)(360, 379)(423, 442)(486, 505)(549, 568)(611, 630)(674, 693)(737, 756)(800, 819)(863, 882)(926, 945)(988, 1007)(1051, 1070)(1114, 1133)(1177, 1196)(1240, 1259)(1303, 1322)(1366, 1385)(1428, 1447)(1491, 1510)(1554, 1573)(1617, 1636)(1680, 1699)(1743, 1762)(1806, 1825)(1869, 1888)(1932, 1950)(1994, 2013)(2057, 2076)(2120, 2139)(2183, 2202)(2246, 2265)(2309, 2328)(2372, 2391)(2435, 2454)(2498, 2517)(2561, 2580)(2624, 2642)(2687, 2705)(2750, 2768)(2812, 2831)(2875, 2894)(2938, 2957)(3001, 3020)(3064, 3083)(3127, 3146)(3190, 3209)(3253, 3272)(3316, 3335)(3379, 3398)(3442, 3461)(3505, 3524)(3568, 3587)(3631, 3650)(3694, 3713)(3757, 3776)(3820, 3839)(3883, 3902)(3946, 3965)(4009, 4028)(4072, 4091)(4135, 4154)(4198, 4217)(4261, 4280)(4324, 4343)(4387, 4406)(4450, 4469)(4513, 4532)(4576, 4595)(4639, 4658)(4702, 4721)(4765, 4784)(4828, 4847)(4892, 4910)(4955, 4973)(5018, 5036)(5081, 5099)(5144, 5162)(5207, 5225)(5270, 5288)(5333, 5351)(5396, 5414)(5459, 5477)(5522, 5540)(5585, 5604)(5648, 5667)(5712, 5730)(5775, 5793)(5838, 5856)(5901, 5919)(5964, 5982)(6027, 6045)(6090, 6108)(6153, 6171)(6216, 6235)(6280, 6298)(6343, 6361)(6406, 6424)(6469, 6487)(6532, 6550)(6595, 6613)(6658, 6676)(6722, 6740)(6785, 6803)(6848, 6866)(6911, 6929)(6974, 6992)(7037, 7055)(7100, 7118)(7164, 7182)
Satellite 18 entered at time and exited at
(1, 36)(104, 139)(207, 242)(310, 345)(413, 448)(516, 551)(619, 654)(722, 757)(825, 860)(928, 963)(1031, 1066)(1134, 1169)(1237, 1272)(1340, 1375)(1443, 1478)(1546, 1581)(1649, 1684)(1752, 1787)(1855, 1890)(1958, 1993)(2061, 2096)(2164, 2199)(2267, 2302)(2370, 2405)(2473, 2508)(2576, 2611)(2679, 2714)(2782, 2817)(2885, 2920)(2988, 3023)(3091, 3126)(3194, 3229)(3297, 3332)(3400, 3435)(3503, 3538)(3606, 3641)(3709, 3744)(3812, 3847)(3915, 3950)(4018, 4053)(4121, 4156)(4224, 4259)(4327, 4362)(4430, 4465)(4533, 4568)(4636, 4671)(4739, 4774)(4842, 4877)(4945, 4981)(5048, 5084)(5151, 5187)(5254, 5290)(5357, 5393)(5460, 5496)(5563, 5599)(5666, 5702)(5769, 5805)(5872, 5908)(5975, 6011)(6078, 6114)(6181, 6217)(6284, 6320)(6387, 6423)(6490, 6526)(6593, 6629)(6696, 6732)(6799, 6835)(6902, 6938)(7005, 7041)(7108, 7144)
Satellite 19 entered at time and exited at
(24, 50)(121, 147)(219, 245)(316, 342)(414, 440)(511, 537)(609, 635)(706, 732)(804, 829)(901, 927)(999, 1024)(1096, 1122)(1193, 1219)(1291, 1317)(1388, 1414)(1486, 1512)(1583, 1609)(1681, 1707)(1778, 1804)(1876, 1902)(1973, 1999)(2071, 2097)(2168, 2194)(2265, 2292)(2363, 2389)(2460, 2487)(2558, 2584)(2655, 2682)(2753, 2779)(2850, 2877)(2948, 2974)(3045, 3072)(3143, 3169)(3240, 3266)(3337, 3364)(3435, 3461)(3532, 3559)(3630, 3656)(3727, 3754)(3825, 3851)(3922, 3949)(4020, 4046)(4117, 4144)(4215, 4241)(4312, 4339)(4409, 4436)(4507, 4534)(4604, 4631)(4702, 4729)(4799, 4826)(4897, 4924)(4994, 5021)(5092, 5119)(5189, 5216)(5286, 5314)(5384, 5411)(5481, 5509)(5579, 5606)(5676, 5704)(5774, 5801)(5871, 5899)(5969, 5996)(6066, 6094)(6163, 6191)(6261, 6289)(6358, 6386)(6456, 6484)(6553, 6581)(6651, 6679)(6748, 6776)(6845, 6874)(6943, 6971)(7040, 7069)(7138, 7166)
Satellite 20 entered at time and exited at
(0, 22)(90, 125)(193, 229)(297, 332)(400, 436)(504, 539)(608, 643)(711, 746)(815, 850)(918, 953)(1022, 1057)(1126, 1160)(1229, 1264)(1333, 1368)(1437, 1471)(1540, 1575)(1644, 1678)(1747, 1782)(1851, 1885)(1955, 1989)(2058, 2092)(2162, 2196)(2266, 2299)(2369, 2403)(2473, 2506)(2577, 2610)(2680, 2713)(2784, 2817)(2887, 2921)(2991, 3024)(3095, 3128)(3198, 3231)(3302, 3335)(3406, 3438)(3509, 3542)(3613, 3645)(3716, 3749)(3820, 3852)(3924, 3956)(4027, 4059)(4131, 4163)(4235, 4266)(4338, 4370)(4442, 4474)(4546, 4577)(4649, 4681)(4753, 4784)(4856, 4888)(4960, 4991)(5064, 5095)(5167, 5198)(5271, 5302)(5375, 5405)(5478, 5509)(5582, 5612)(5686, 5716)(5789, 5820)(5893, 5923)(5997, 6027)(6100, 6130)(6204, 6234)(6307, 6337)(6411, 6441)(6515, 6544)(6618, 6648)(6722, 6751)(6826, 6855)(6929, 6958)(7033, 7062)(7137, 7166)
Satellite 21 entered at time and exited at
(0, 3)(71, 107)(175, 211)(279, 314)(382, 418)(486, 522)(589, 626)(693, 729)(797, 833)(900, 937)(1004, 1041)(1108, 1144)(1211, 1248)(1315, 1352)(1419, 1456)(1522, 1559)(1626, 1663)(1730, 1767)(1833, 1870)(1937, 1974)(2041, 2078)(2144, 2182)(2248, 2285)(2352, 2389)(2455, 2493)(2559, 2597)(2663, 2700)(2766, 2804)(2870, 2908)(2974, 3011)(3077, 3115)(3181, 3219)(3285, 3323)(3388, 3426)(3492, 3530)(3595, 3634)(3699, 3738)(3803, 3841)(3906, 3945)(4010, 4049)(4114, 4152)(4217, 4256)(4321, 4360)(4425, 4464)(4528, 4567)(4632, 4671)(4736, 4775)(4839, 4878)(4943, 4982)(5047, 5086)(5150, 5190)(5254, 5293)(5358, 5397)(5461, 5501)(5565, 5604)(5669, 5708)(5772, 5812)(5876, 5915)(5980, 6019)(6083, 6123)(6187, 6227)(6291, 6330)(6394, 6434)(6498, 6538)(6601, 6641)(6705, 6745)(6809, 6849)(6912, 6953)(7016, 7056)(7120, 7160)
Satellite 22 entered at time and exited at
(0, 3)(74, 106)(177, 209)(279, 311)(382, 414)(485, 517)(588, 620)(691, 723)(793, 826)(896, 929)(999, 1032)(1102, 1135)(1205, 1237)(1307, 1340)(1410, 1443)(1513, 1546)(1616, 1649)(1719, 1752)(1821, 1855)(1924, 1958)(2027, 2061)(2130, 2163)(2233, 2266)(2335, 2369)(2438, 2472)(2541, 2575)(2644, 2678)(2747, 2781)(2849, 2884)(2952, 2986)(3055, 3089)(3158, 3192)(3261, 3295)(3363, 3398)(3466, 3501)(3569, 3604)(3672, 3707)(3774, 3809)(3877, 3912)(3980, 4015)(4083, 4118)(4186, 4221)(4288, 4324)(4391, 4427)(4494, 4530)(4597, 4632)(4700, 4735)(4802, 4838)(4905, 4941)(5008, 5044)(5111, 5147)(5214, 5250)(5316, 5353)(5419, 5455)(5522, 5558)(5625, 5661)(5728, 5764)(5830, 5867)(5933, 5970)(6036, 6073)(6139, 6175)(6242, 6278)(6344, 6381)(6447, 6484)(6550, 6587)(6653, 6690)(6756, 6793)(6858, 6895)(6961, 6998)(7064, 7101)(7167, 7199)
Satellite 23 entered at time and exited at
(1, 25)(102, 126)(204, 228)(305, 329)(406, 431)(508, 532)(609, 634)(711, 736)(812, 837)(914, 939)(1015, 1040)(1117, 1142)(1218, 1243)(1319, 1345)(1421, 1446)(1522, 1548)(1624, 1649)(1725, 1751)(1827, 1852)(1928, 1954)(2029, 2056)(2131, 2157)(2232, 2259)(2334, 2360)(2435, 2462)(2537, 2563)(2638, 2665)(2740, 2766)(2841, 2868)(2942, 2969)(3044, 3071)(3145, 3173)(3247, 3274)(3348, 3376)(3450, 3477)(3551, 3579)(3652, 3680)(3754, 3782)(3855, 3883)(3957, 3985)(4058, 4086)(4160, 4188)(4261, 4290)(4363, 4391)(4464, 4493)(4565, 4594)(4667, 4696)(4768, 4797)(4870, 4899)(4971, 5000)(5073, 5102)(5174, 5203)(5275, 5305)(5377, 5406)(5478, 5508)(5580, 5610)(5681, 5711)(5783, 5813)(5884, 5914)(5985, 6016)(6087, 6117)(6188, 6219)(6290, 6320)(6391, 6422)(6493, 6523)(6594, 6625)(6696, 6727)(6797, 6828)(6898, 6930)(7000, 7031)(7101, 7133)
Satellite 24 entered at time and exited at
(3, 41)(104, 142)(205, 244)(307, 345)(408, 446)(509, 547)(610, 648)(711, 749)(813, 851)(914, 952)(1015, 1053)(1116, 1154)(1218, 1255)(1319, 1357)(1420, 1458)(1521, 1559)(1623, 1660)(1724, 1761)(1825, 1862)(1926, 1964)(2027, 2065)(2129, 2166)(2230, 2267)(2331, 2368)(2432, 2469)(2534, 2571)(2635, 2672)(2736, 2773)(2837, 2874)(2939, 2975)(3040, 3076)(3141, 3178)(3242, 3279)(3344, 3380)(3445, 3481)(3546, 3582)(3647, 3684)(3749, 3785)(3850, 3886)(3951, 3987)(4052, 4088)(4154, 4189)(4255, 4291)(4356, 4392)(4457, 4493)(4558, 4594)(4660, 4695)(4761, 4796)(4862, 4898)(4963, 4999)(5065, 5100)(5166, 5201)(5267, 5302)(5368, 5403)(5470, 5505)(5571, 5606)(5672, 5707)(5774, 5808)(5875, 5909)(5976, 6011)(6077, 6112)(6179, 6213)(6280, 6314)(6381, 6415)(6482, 6516)(6584, 6618)(6685, 6719)(6786, 6820)(6887, 6921)(6989, 7022)(7090, 7123)(7191, 7199)
Satellite 25 entered at time and exited at
(0, 8)(69, 111)(172, 214)(275, 317)(378, 420)(481, 523)(584, 626)(687, 729)(790, 832)(893, 935)(996, 1038)(1099, 1141)(1202, 1244)(1304, 1347)(1407, 1450)(1510, 1553)(1613, 1656)(1716, 1759)(1819, 1862)(1922, 1965)(2025, 2067)(2128, 2170)(2231, 2273)(2334, 2376)(2437, 2479)(2540, 2582)(2643, 2685)(2746, 2788)(2849, 2891)(2952, 2994)(3055, 3097)(3158, 3200)(3260, 3303)(3363, 3406)(3466, 3509)(3569, 3612)(3672, 3715)(3775, 3818)(3878, 3921)(3981, 4024)(4084, 4127)(4187, 4230)(4290, 4332)(4393, 4435)(4496, 4538)(4599, 4641)(4702, 4744)(4805, 4847)(4908, 4950)(5011, 5053)(5114, 5156)(5216, 5259)(5319, 5362)(5422, 5465)(5525, 5568)(5628, 5671)(5731, 5774)(5834, 5877)(5937, 5980)(6040, 6083)(6143, 6186)(6246, 6289)(6349, 6392)(6452, 6494)(6555, 6597)(6658, 6700)(6761, 6803)(6864, 6906)(6967, 7009)(7070, 7112)(7173, 7199)
Satellite 26 entered at time and exited at
(51, 92)(150, 191)(249, 290)(348, 389)(447, 488)(546, 587)(645, 686)(744, 785)(842, 884)(941, 982)(1040, 1081)(1139, 1180)(1238, 1279)(1337, 1378)(1436, 1477)(1535, 1576)(1634, 1675)(1733, 1774)(1832, 1873)(1931, 1972)(2030, 2071)(2129, 2170)(2228, 2269)(2326, 2368)(2425, 2467)(2524, 2566)(2623, 2664)(2722, 2763)(2821, 2862)(2920, 2961)(3019, 3060)(3118, 3159)(3217, 3258)(3316, 3357)(3415, 3456)(3514, 3555)(3613, 3654)(3712, 3753)(3811, 3852)(3909, 3951)(4008, 4050)(4107, 4148)(4206, 4247)(4305, 4346)(4404, 4445)(4503, 4544)(4602, 4643)(4701, 4742)(4800, 4841)(4899, 4940)(4998, 5039)(5097, 5138)(5196, 5237)(5295, 5336)(5393, 5435)(5492, 5534)(5591, 5633)(5690, 5731)(5789, 5830)(5888, 5929)(5987, 6028)(6086, 6127)(6185, 6226)(6284, 6325)(6383, 6424)(6482, 6523)(6581, 6622)(6680, 6721)(6779, 6820)(6878, 6919)(6976, 7018)(7075, 7117)(7174, 7199)
Satellite 27 entered at time and exited at
(45, 64)(145, 164)(246, 265)(346, 366)(447, 466)(547, 567)(648, 667)(748, 768)(849, 868)(949, 969)(1049, 1069)(1150, 1170)(1250, 1270)(1351, 1371)(1451, 1471)(1552, 1572)(1652, 1672)(1753, 1773)(1853, 1873)(1954, 1974)(2054, 2074)(2155, 2175)(2255, 2275)(2356, 2376)(2456, 2476)(2557, 2577)(2657, 2677)(2757, 2778)(2858, 2878)(2958, 2979)(3059, 3079)(3159, 3180)(3260, 3281)(3360, 3381)(3461, 3482)(3561, 3582)(3662, 3683)(3762, 3783)(3863, 3884)(3963, 3984)(4064, 4085)(4164, 4185)(4264, 4286)(4365, 4386)(4465, 4487)(4566, 4587)(4666, 4688)(4767, 4788)(4867, 4889)(4968, 4990)(5068, 5090)(5169, 5191)(5269, 5291)(5370, 5392)(5470, 5492)(5570, 5593)(5671, 5693)(5771, 5794)(5872, 5894)(5972, 5995)(6073, 6095)(6173, 6196)(6274, 6297)(6374, 6397)(6475, 6498)(6575, 6598)(6676, 6699)(6776, 6799)(6877, 6900)(6977, 7000)(7077, 7101)(7178, 7199)
Satellite 28 entered at time and exited at
(64, 100)(165, 201)(266, 302)(367, 403)(468, 504)(569, 605)(670, 706)(771, 807)(872, 908)(973, 1010)(1074, 1111)(1175, 1212)(1276, 1313)(1377, 1414)(1478, 1515)(1579, 1616)(1680, 1717)(1781, 1818)(1882, 1919)(1983, 2020)(2084, 2121)(2185, 2222)(2286, 2324)(2387, 2425)(2488, 2526)(2589, 2627)(2690, 2728)(2791, 2829)(2892, 2930)(2993, 3031)(3095, 3132)(3196, 3233)(3297, 3334)(3398, 3435)(3499, 3536)(3600, 3637)(3701, 3738)(3802, 3840)(3903, 3941)(4004, 4042)(4105, 4143)(4206, 4244)(4307, 4345)(4408, 4446)(4509, 4547)(4610, 4648)(4711, 4749)(4812, 4850)(4913, 4951)(5014, 5052)(5115, 5153)(5216, 5254)(5317, 5355)(5418, 5457)(5519, 5558)(5620, 5659)(5721, 5760)(5822, 5861)(5923, 5962)(6024, 6063)(6125, 6164)(6226, 6265)(6327, 6366)(6428, 6467)(6529, 6568)(6630, 6669)(6731, 6770)(6832, 6871)(6933, 6972)(7034, 7073)(7135, 7174)
Satellite 29 entered at time and exited at
(39, 65)(142, 168)(245, 270)(347, 373)(450, 475)(553, 578)(655, 680)(758, 783)(861, 885)(963, 988)(1066, 1091)(1169, 1193)(1271, 1296)(1374, 1398)(1477, 1501)(1579, 1603)(1682, 1706)(1785, 1809)(1887, 1911)(1990, 2014)(2093, 2116)(2195, 2219)(2298, 2321)(2401, 2424)(2503, 2527)(2606, 2629)(2709, 2732)(2811, 2834)(2914, 2937)(3016, 3039)(3119, 3142)(3222, 3245)(3324, 3347)(3427, 3450)(3530, 3552)(3632, 3655)(3735, 3757)(3838, 3860)(3940, 3963)(4043, 4065)(4146, 4168)(4248, 4270)(4351, 4373)(4454, 4475)(4556, 4578)(4659, 4681)(4761, 4783)(4864, 4886)(4967, 4988)(5069, 5091)(5172, 5193)(5275, 5296)(5377, 5399)(5480, 5501)(5583, 5604)(5685, 5706)(5788, 5809)(5890, 5911)(5993, 6014)(6096, 6117)(6198, 6219)(6301, 6322)(6404, 6424)(6506, 6527)(6609, 6629)(6711, 6732)(6814, 6835)(6917, 6937)(7019, 7040)(7122, 7142)
